data/images/100185.jpg 891,1398,1186,1465,0
data/images/100436.jpg 890,1397,1184,1460,0
data/images/100219.jpg 906,1379,1198,1444,0
data/images/100153.jpg 866,1354,1150,1410,0
data/images/100341.jpg 869,1384,1164,1444,0
data/images/100333.jpg 1188,1837,1570,1914,0
data/images/100482.jpg 880,1388,1181,1452,0
data/images/100326.jpg 883,1282,1152,1336,0
data/images/100443.jpg 942,1410,1233,1466,0
data/images/100241.jpg 891,1403,1181,1463,0
data/images/100080.jpg 850,1345,1125,1412,0
data/images/100095.jpg 516,810,685,843,0
data/images/100532.jpg 917,1397,1210,1456,0
data/images/100312.jpg 879,1388,1171,1448,0
data/images/1004690.jpg 881,1360,1152,1411,0
data/images/100403.jpg 920,1398,1185,1453,0
data/images/100010.jpg 1189,1841,1578,1925,0
data/images/100360.jpg 843,1383,1118,1441,0
data/images/100374.jpg 1818,2811,2409,2923,0
